The error in the VIE for each molecule in the McKenchie test set of 147 small molecules, ordered first by the magnitude of the dielecitric constant returned when using lc-wpbe, then alphabetically.
------------------------------------------------------------------------------------------------------------------------------------------------------------------------------------------------------------------------------------------------------------------------------------------------------------
                     |        |                blyp                          |                b3lyp                         |                bhhlyp                        |                hf                            |                hse06                         |                lc-wpbe                      
Molecule             | ref    | KS             KS+PCM(water)  KS+PCM(opt)    | KS             KS+PCM(water)  KS+PCM(opt)    | KS             KS+PCM(water)  KS+PCM(opt)    | KS             KS+PCM(water)  KS+PCM(opt)    | KS             KS+PCM(water)  KS+PCM(opt)    | KS             KS+PCM(water)  KS+PCM(opt)   
------------------------------------------------------------------------------------------------------------------------------------------------------------------------------------------------------------------------------------------------------------------------------------------------------------
ME                   |        |           0.48           3.33           3.32 |           0.13           2.97           2.91 |           0.10           2.94           1.43 |           0.83           3.67           0.82 |           0.18           3.01           2.96 |           0.03           2.86           0.62
MAE                  |        |           0.52           3.33           3.32 |           0.29           2.97           2.91 |           0.32           2.94           1.43 |           1.10           3.67           1.09 |           0.32           3.01           2.96 |           0.27           2.86           0.63
MPE                  |        |           4.16          29.60          29.55 |           1.20          26.45          25.92 |           1.06          26.41          12.81 |           7.88          33.14           7.85 |           1.65          26.82          26.46 |           0.27          25.49           5.18
MAPE                 |        |           4.52          29.60          29.55 |           2.56          26.45          25.92 |           2.92          26.41          12.81 |          10.05          33.21           9.97 |           2.83          26.82          26.46 |           2.27          25.49           5.28
------------------------------------------------------------------------------------------------------------------------------------------------------------------------------------------------------------------------------------------------------------------------------------------------------------
2-Methylpropene      |   9.53 |           0.48           2.87           2.87 |           0.31           2.69           2.61 |           0.52           2.90           1.51 |           1.64           4.03           1.64 |           0.38           2.74           2.74 |           0.24           2.60           0.24
2-Vinylpyridine      |   8.97 |           0.64           2.72           2.72 |           0.42           2.47           2.28 |           0.56           2.59           1.39 |           0.85           3.66           0.85 |           0.43           2.46           2.42 |           0.20           2.23           0.20
Fulvene              |   8.63 |           0.46           2.73           2.73 |           0.31           2.56           2.34 |           0.52           2.75           1.36 |           1.63           3.84           1.63 |           0.34           2.56           2.48 |           0.17           2.39           0.17
H2                   |  16.40 |           0.11           4.50           3.54 |          -0.07           4.33           2.84 |           0.10           4.49           1.87 |           1.13           5.52           1.13 |           0.20           4.60           0.20 |           0.09           4.49           0.09
Isoprene             |   9.05 |           0.56           2.89           2.89 |           0.39           2.70           2.49 |           0.58           2.88           1.51 |           1.66           3.95           1.66 |           0.43           2.72           2.64 |           0.26           2.55           0.26
Pyridine             |   9.74 |           0.55           2.66           2.66 |           0.20           2.43           2.29 |           0.22           2.44           1.01 |           1.36           3.57           1.36 |           0.25           2.47           2.40 |           0.13           2.35           0.13
Pyrrole              |   8.39 |           0.26           2.64           2.64 |           0.12           2.49           2.31 |           0.37           2.72           1.36 |           1.51           3.83           1.51 |           0.18           2.52           2.45 |           0.05           2.39           0.05
Styrene              |   8.65 |           0.60           2.66           2.66 |           0.37           2.42           2.21 |           0.51           2.53           1.31 |           1.60           3.60           1.60 |           0.38           2.39           2.34 |           0.16           2.18           0.16
Si2H6                |  10.63 |           0.41           3.10           3.10 |           0.13           2.81           2.71 |           0.13           2.82           1.38 |           0.83           3.55           0.83 |           0.18           2.84           2.84 |           0.09           2.75           0.10
1_3-Butadiene        |   9.22 |           0.50           2.95           2.95 |           0.35           2.78           2.58 |           0.57           2.97           1.59 |           1.66           4.05           1.66 |           0.39           2.80           2.73 |           0.22           2.63           0.23
Vinyl_acetate        |   9.82 |           0.49           2.96           2.96 |           0.25           2.74           2.63 |           0.36           2.90           1.42 |           1.37           3.98           1.37 |           0.30           2.78           2.78 |           0.18           2.68           0.22
Furan                |   9.06 |           0.30           2.83           2.83 |           0.15           2.67           2.52 |           0.39           2.89           1.49 |           1.52           4.01           1.52 |           0.22           2.71           2.69 |           0.07           2.56           0.12
Methylacrylonitrile  |  10.59 |           0.64           3.23           3.23 |           0.39           3.00           2.86 |           0.51           3.14           1.61 |           1.57           4.24           1.57 |           0.43           3.02           3.02 |           0.24           2.86           0.30
Cyclobutene          |   9.72 |           0.45           2.80           2.80 |           0.30           2.64           2.64 |           0.53           2.88           1.58 |           1.66           4.03           1.66 |           0.36           2.68           2.68 |           0.23           2.55           0.30
NC3H9                |   8.59 |           0.38           2.69           2.69 |           0.17           2.46           2.39 |           0.32           2.60           1.00 |           1.36           3.64           1.36 |           0.26           2.54           2.53 |           0.15           2.42           0.22
H2CCCl2              |  10.06 |           0.63           3.02           3.02 |           0.30           2.70           2.70 |           0.30           2.72           1.44 |           1.10           3.58           1.10 |           0.32           2.69           2.69 |           0.14           0.81           0.21
HCCCCCN              |  10.73 |           0.74           3.17           3.17 |           0.42           2.87           2.77 |           0.44           2.91           1.51 |           1.47           4.03           1.47 |           0.41           2.85           2.85 |           0.22           2.68           0.33
CS                   |  11.32 |           0.05           3.07           3.07 |          -0.22           2.80           2.54 |          -0.16           2.86           0.89 |           1.33           4.38           1.33 |          -0.09           2.92           2.63 |          -0.19           2.82          -0.05
1_1-Dicyanoethylene  |  11.54 |           0.79           3.49           3.49 |           0.47           3.20           3.07 |           0.49           3.25           1.69 |           1.47           4.34           1.47 |           0.48           3.19           3.19 |           0.23           2.98           0.36
CH2CCH2              |  10.26 |           0.42           3.08           3.08 |           0.18           2.87           2.73 |           0.42           3.10           1.52 |           1.58           4.25           1.58 |           0.26           2.93           2.86 |           0.13           2.81           0.27
CH3NC                |  11.27 |           0.12           2.67           2.67 |          -0.12           2.43           2.22 |          -0.06           2.51           0.84 |           1.28           3.87           1.28 |           0.06           2.61           2.36 |          -0.06           2.49           0.07
Cl2CCF2              |   9.91 |           0.71           3.19           3.19 |           0.28           2.77           2.77 |           0.12           2.64           1.35 |           0.72           3.30           0.72 |           0.29           2.76           2.76 |           0.18           2.66           0.32
Methoxyethene        |   9.25 |           0.44           2.99           2.99 |           0.22           2.77           2.64 |           0.35           2.89           1.41 |           1.30           3.87           1.30 |           0.28           2.81           2.79 |           0.19           2.72           0.33
Propene              |  10.01 |           0.42           3.08           3.08 |           0.27           2.93           2.82 |           0.52           3.18           1.69 |           1.68           4.36           1.68 |           0.35           2.99           2.95 |           0.21           2.85           0.35
Thiophene            |   9.09 |           0.36           2.80           2.80 |           0.19           2.61           2.39 |          -0.04           2.35           1.14 |           1.08           3.45           1.08 |           0.21           2.61           2.52 |          -0.30           2.09          -0.16
CH3CCCH3             |   9.79 |           0.60           2.95           2.95 |           0.36           2.71           2.67 |           0.49           2.83           1.51 |           1.49           3.85           1.49 |           0.40           2.74           2.74 |           0.26           2.60           0.40
Isobutane            |  11.73 |           1.05           3.44           3.44 |           0.54           2.96           2.96 |           0.27           2.71           1.39 |           0.60           3.09           0.60 |           0.58           2.98           2.98 |           0.43           2.84           0.58
Thiirane             |   9.06 |           0.25           2.91           2.91 |           0.06           2.70           2.54 |           0.23           2.85           1.33 |           1.21           3.82           1.21 |           0.12           2.74           2.65 |           0.04           2.66           0.20
2-Propen-1-ol        |  10.42 |           0.94           3.49           3.49 |           0.54           3.12           2.98 |           0.50           3.28           1.68 |           1.62           4.47           1.62 |           0.57           3.15           3.13 |           0.35           2.97           0.52
Butenone             |   9.77 |           0.54           2.85           2.85 |           0.27           2.55           2.47 |           0.40           2.65           0.86 |           1.59           3.81           1.59 |           0.34           2.60           2.59 |           0.18           2.45           0.33
CH3SOCH3             |   9.11 |           0.47           2.81           2.81 |           0.25           2.55           2.44 |           0.40           2.64           1.10 |           1.50           3.66           1.50 |           0.32           2.59           2.58 |           0.22           2.50           0.38
CH3CCCN              |  11.00 |           0.73           3.21           3.21 |           0.43           2.91           2.86 |           0.47           2.97           1.57 |           1.47           4.03           1.47 |           0.44           2.91           2.91 |           0.26           2.76           0.45
CS2                  |  10.05 |           0.17           2.94           2.94 |          -0.04           2.72           2.53 |           0.12           2.88           1.34 |           1.25           4.01           1.25 |          -0.05           2.71           2.65 |          -0.07           2.68           0.15
SiH3                 |   8.80 |           0.11           3.37           3.37 |          -0.07           3.19           2.83 |           0.02           3.30           1.61 |           0.41           3.71           0.41 |          -0.10           3.16           2.88 |          -0.19           3.07           0.08
Acrylonitrile        |  11.12 |           0.59           3.34           3.34 |           0.38           3.14           3.04 |           0.54           3.33           1.77 |           1.64           4.50           1.64 |           0.41           3.17           3.17 |           0.22           3.00           0.45
CCl4                 |  11.77 |          -0.32           3.72           3.82 |           0.73           3.15           3.04 |           0.19           2.68           1.37 |           0.60           3.35          -0.14 |           0.65           3.04           3.04 |           0.26           2.68           0.47
NCCCCN               |  12.04 |           0.82           3.48           3.48 |           0.46           3.14           3.10 |           0.45           3.15           1.64 |           1.45           4.20           1.45 |           0.46           3.13           3.13 |           0.24           2.93           0.46
Pyrimidine           |   9.81 |           0.71           3.01           3.01 |           0.22           2.49           2.41 |          -0.07           2.19           0.76 |           0.40           2.62           0.40 |           0.23           2.49           2.49 |           0.01           2.27           0.21
Cyclopropane         |  10.92 |           0.36           3.07           3.07 |           0.15           2.85           2.82 |           0.28           2.97           1.41 |           1.25           3.90           1.25 |           0.20           2.88           2.88 |           0.08           2.76           0.31
HCCCCH               |  10.29 |           0.57           3.04           3.04 |           0.34           2.79           2.72 |           0.46           2.89           1.59 |           1.41           3.82           1.41 |           0.36           2.79           2.79 |           0.20           2.63           0.41
Methyl_prop-2-enoate |  10.57 |           0.79           3.05           2.90 |           0.34           1.92           2.54 |           0.27           2.85           1.08 |           0.78           3.06           1.38 |           0.35           2.69           2.66 |           0.14           2.55           0.34
Chloroethene         |  10.21 |           0.51           3.22           3.22 |           0.27           2.97           2.87 |           0.35           3.06           1.61 |           1.25           4.04           1.25 |           0.29           2.98           2.98 |           0.14           2.83           0.38
2-Propenamide        |   9.98 |           0.12           2.88           2.88 |           0.21           2.46           2.40 |           0.41           2.62           0.91 |           1.67           3.85           1.67 |           0.30           2.53           2.50 |           0.12           2.37           0.34
Pyrazine             |   9.70 |           0.77           3.10           3.10 |           0.21           2.52           2.47 |          -0.23           2.08           0.88 |          -0.28           2.01          -0.28 |           0.21           2.51           2.51 |          -0.01           2.30           0.24
Cyclopropene         |  10.01 |           0.46           3.21           3.21 |           0.28           3.02           2.97 |           0.47           3.21           1.77 |           1.53           4.27           1.53 |           0.34           3.07           3.07 |           0.21           2.94           0.50
CH3NHCH3             |   9.07 |           0.39           2.91           2.91 |           0.17           2.68           2.64 |           0.30           2.82           1.19 |           1.36           3.89           1.36 |           0.26           2.76           2.76 |           0.14           2.64           0.41
CH3SH                |   9.46 |           0.27           3.10           3.10 |           0.06           2.89           2.74 |           0.19           3.02           1.48 |           1.14           3.96           1.14 |           0.12           2.94           2.86 |           0.04           2.85           0.34
PH3                  |  10.53 |           0.18           3.35           3.35 |           0.01           3.18           2.96 |           0.17           3.34           1.73 |           1.14           4.30           1.14 |           0.12           3.28           3.11 |           0.09           3.24           0.44
H2CS                 |   9.35 |           0.21           3.12           3.12 |           0.03           2.93           2.76 |           0.20           3.08           1.50 |           1.27           4.12           1.27 |           0.09           2.97           2.88 |           0.02           2.90           0.35
2-Propenoic_acid     |  10.87 |           0.55           3.05           3.05 |           0.35           2.68           2.68 |           0.38           2.81           1.50 |           1.60           4.02           1.48 |           0.37           2.75           2.75 |           0.13           2.57           0.43
Acrolein             |  10.18 |           0.50           3.06           3.06 |           0.24           2.78           2.68 |           0.39           2.90           0.96 |           1.59           4.07           1.59 |           0.32           2.85           2.81 |           0.17           2.71           0.47
CH3CH2CH3            |  12.16 |           1.16           3.80           3.80 |           0.66           3.31           3.28 |           0.34           2.99           1.65 |           0.53           3.27           0.53 |           0.70           3.32           3.32 |           0.56           3.19           0.86
CH3CCH               |  10.55 |           0.46           3.08           3.08 |           0.27           2.89           2.88 |           0.47           3.08           1.68 |           1.56           4.17           1.56 |           0.34           2.94           2.94 |           0.20           2.80           0.51
C3O2                 |  10.73 |           0.19           3.03           3.03 |          -0.04           2.80           2.78 |           0.10           2.95           1.36 |           1.24           4.07           1.24 |           0.01           2.84           2.84 |           0.03           2.86           0.37
CFCl3                |  11.74 |           1.08           3.65           3.65 |           0.47           3.04           2.98 |           0.01           2.57           1.31 |          -0.10           2.47          -0.10 |           0.41           2.95           2.95 |           0.07           2.62           0.40
S2                   |   9.38 |           0.09           3.11           3.11 |          -0.28           2.74           2.58 |          -0.42           2.60           1.03 |          -0.21           2.79          -0.21 |          -0.35           2.66           2.65 |          -0.45           2.56          -0.06
AlCl3                |  12.00 |           1.31           3.81           3.81 |           0.68           3.16           3.05 |           0.17           2.65           1.41 |          -0.00           2.47          -0.00 |           0.59           3.06           3.06 |           0.09           2.56           0.41
HCCCHO               |  10.83 |           0.51           3.09           3.09 |           0.20           2.79           2.72 |           0.37           2.95           0.90 |           1.59           4.15           1.59 |           0.29           2.87           2.82 |           0.12           2.72           0.46
Ethylenimine         |   9.94 |           0.36           2.88           2.88 |           0.14           2.65           2.65 |           0.28           2.78           1.24 |           1.32           3.82           1.32 |           0.20           2.70           2.70 |           0.10           2.60           0.43
CH2CF2               |  10.63 |           0.44           3.42           3.42 |           0.18           3.17           3.17 |           0.27           3.28           1.75 |           1.27           4.32           1.27 |           0.27           3.24           3.24 |           0.23           3.19           0.63
SiF2                 |  11.15 |           0.28           3.60           3.60 |          -0.01           3.35           3.26 |           0.00           3.42           1.87 |           0.92           4.42           0.92 |           0.12           3.48           3.47 |           0.10           3.46           0.55
CH3COCH3             |   9.81 |           0.47           2.88           2.88 |           0.21           2.60           2.59 |           0.34           2.70           0.98 |           1.49           3.84           1.49 |           0.29           2.66           2.66 |           0.15           2.53           0.48
1-Chloropropane      |  10.96 |           0.70           3.11           3.11 |           0.15           2.68           2.68 |           0.09           2.68           1.27 |           0.97           3.58           0.97 |           0.16           2.68           2.68 |           0.01           2.58           0.36
CCl3H                |  11.47 |           1.04           3.50           3.50 |           0.45           2.91           2.91 |           0.01           2.51           1.30 |          -0.49           2.01          -0.49 |           0.38           2.82           2.82 |           0.04           2.49           0.37
Fluoroethene         |  10.61 |           0.37           3.33           3.33 |           0.18           3.15           3.13 |           0.36           3.35           1.80 |           1.46           4.47           1.46 |           0.27           3.22           3.22 |           0.19           3.13           0.60
HCCCN                |  11.81 |           0.61           3.37           3.37 |           0.37           3.13           3.13 |           0.48           3.26           1.78 |           1.55           4.39           1.55 |           0.39           3.15           3.15 |           0.21           2.99           0.59
SiH4                 |  12.81 |           0.78           3.86           3.86 |           0.38           3.46           3.35 |           0.19           3.26           1.78 |           0.46           3.53           0.46 |           0.43           3.49           3.49 |           0.30           3.37           0.73
BCl3                 |  11.72 |           1.10           3.67           3.67 |           0.50           3.07           3.01 |           0.05           2.62           1.37 |          -0.03           2.54          -0.03 |           0.42           2.98           2.98 |           0.05           2.61           0.41
CH3CONH2             |   9.95 |           0.38           2.81           2.81 |           0.16           2.54           2.49 |           0.37           2.49           0.96 |           1.61           3.92           1.61 |           0.26           2.62           2.60 |           0.11           2.47           0.46
CH3CClO              |  11.11 |           0.51           3.08           3.08 |           0.17           2.72           2.69 |           0.25           2.80           1.05 |           0.21           3.04           0.21 |           0.20           2.75           2.75 |           0.05           2.61           0.43
s-Tetrazine          |   9.70 |           0.74           3.22           3.22 |           0.12           2.59           2.59 |          -0.38           2.08           0.80 |          -0.52           1.93          -0.52 |           0.13           2.58           2.58 |          -0.04           2.41           0.32
CBrF3                |  11.93 |           0.39           3.38           3.38 |           0.00           3.05           3.05 |          -0.02           3.08           1.55 |           0.81           3.95           0.81 |           0.05           3.09           3.09 |           0.03           3.08           0.48
CH2CO                |   9.72 |           0.15           3.13           3.13 |          -0.04           2.95           2.91 |           0.13           3.12           1.54 |           1.19           4.17           1.19 |           0.05           3.03           3.03 |          -0.01           2.96           0.44
NSF3                 |  12.49 |           0.46           3.40           3.40 |           0.17           3.13           3.13 |           0.30           3.28           1.54 |           1.41           4.41           1.41 |           0.23           3.18           3.18 |           0.17           3.10           0.62
CH2Cl2               |  11.56 |           1.03           3.67           3.67 |           0.29           3.14           3.14 |           0.12           2.89           1.51 |           0.14          -0.54           0.14 |           0.26           3.09           3.09 |           0.21           2.86           0.61
CH3SiH3              |  11.73 |           0.36           3.25           3.25 |           0.19           2.96           2.93 |          -0.24           3.00           1.42 |           0.24           3.38           0.24 |           0.24           3.00           3.00 |          -0.21           2.86           0.22
CH4N2O               |  10.32 |           0.11           3.08           3.08 |           0.28           2.73           2.67 |          -0.39           2.50           0.87 |           0.26           3.21           0.26 |           0.35           2.78           2.78 |           0.17           2.44           0.56
OCS                  |  11.21 |           0.15           3.23           3.23 |          -0.07           3.01           2.97 |           0.06           3.15           1.57 |           1.08           4.15           1.08 |          -0.04           3.03           3.03 |          -0.06           3.02           0.42
CHFCF2               |  10.53 |           0.58           3.53           3.53 |           0.21           3.18           3.18 |           0.16           3.17           1.70 |           0.99           4.06           0.99 |           0.28           3.24           3.24 |           0.30           3.24           0.77
P2                   |  10.58 |           0.24           3.29           3.29 |          -0.21           2.74           2.74 |          -0.20           2.75           1.55 |           0.43           3.39           0.43 |          -0.20           2.74           2.74 |          -0.32           2.61           0.17
Z-CHF-CHF            |  10.54 |           0.50           3.31           3.31 |           0.20           3.03           3.03 |           0.25           3.11           1.73 |           1.17           4.10           1.17 |           0.28           3.09           3.09 |           0.25           3.06           0.71
CH3OCH3              |  10.21 |           0.57           3.24           3.24 |           0.27           2.93           2.93 |           0.34           2.97           1.19 |           1.36           3.99           1.36 |           0.35           2.99           2.99 |           0.24           2.88           0.69
H2S                  |  10.39 |           0.11           3.38           3.38 |          -0.04           3.21           3.07 |           0.16           3.40           1.74 |           1.17           4.40           1.17 |           0.05           3.29           3.18 |          -0.03           3.21           0.53
CH3CH2Cl             |  11.12 |           0.56           2.99           2.99 |           0.18           2.60           2.60 |           0.16           2.61           1.42 |           1.05           3.51           1.05 |           0.20           2.61           2.61 |           0.08           2.49           0.49
SiO                  |  11.51 |           0.29           3.50           3.50 |           0.02           3.23           3.17 |           0.09           3.26           1.57 |           1.04           4.04           1.04 |           0.09           3.32           3.32 |          -0.06           3.20           0.51
CCl2F2               |  12.18 |           0.90           3.50           3.50 |           0.35           2.97           2.97 |           0.05           2.73           1.41 |           0.34           2.94           0.34 |           0.32           2.93           2.93 |           0.08           2.70           0.53
C2F4                 |  10.54 |           0.66           3.53           3.53 |           0.22           3.12           3.12 |           0.08           3.02           1.69 |           0.79           3.81           0.79 |           0.29           3.18           3.18 |           0.34           3.21           0.85
NSF                  |  11.78 |           0.36           3.46           3.46 |           0.13           3.24           3.19 |           0.27           3.39           1.52 |           1.49           4.64           1.49 |           0.20           3.30           3.30 |           0.09           3.19           0.66
PF3                  |  12.21 |           0.47           3.68           3.68 |           0.06           3.31           3.31 |          -0.07           3.24           1.71 |           0.65           4.07           0.65 |           0.16           3.41           3.41 |           0.17           3.41           0.76
NaCl                 |   9.05 |          -0.10           2.07           2.07 |          -0.21           1.91           1.83 |           0.02           2.10           1.01 |           1.08           3.10           1.08 |          -0.13           1.97           1.91 |          -0.17           1.91           0.24
N2H4                 |  10.28 |           0.51           3.42           3.42 |           0.19           3.09           3.07 |           0.15           3.04           1.43 |           0.80           3.67           0.80 |           0.25           3.14           3.14 |           0.18           3.06           0.74
C2H2                 |  11.46 |           0.21           3.21           3.21 |           0.13           3.12           3.12 |           0.44           3.42           1.94 |           1.66           4.62           1.66 |           0.22           3.20           3.20 |           0.08           3.06           0.66
CH3CH3               |  12.74 |           0.96           3.57           3.57 |           0.53           3.14           3.14 |           0.30           2.92           1.76 |           0.82           0.15           0.82 |           0.57           3.17           3.17 |           0.47           3.07           0.97
CH3CN                |  12.54 |           0.55           3.32           3.32 |           0.32           3.06           3.06 |           0.50           3.21           1.80 |           1.65           4.37           1.65 |           0.38           3.12           3.12 |           0.19           2.92           0.74
HCONH2               |  10.41 |           0.27           2.99           2.99 |           0.10           2.79           2.75 |           0.35           3.00           1.12 |           1.61           4.22           1.61 |           0.23           2.90           2.87 |           0.09           2.77           0.64
CH3Cl                |  11.36 |           0.36           3.24           3.24 |           0.07           2.95           2.95 |           0.13           3.01           1.53 |           1.05           3.92           1.05 |           0.11           2.97           2.97 |           0.01           2.88           0.59
CH3CH2OH             |  10.86 |           0.76           3.49           3.49 |           0.36           3.11           3.11 |           0.34           3.13           1.37 |           1.38           4.22           1.38 |           0.43           3.18           3.18 |           0.33           3.08           0.89
CClF3                |  13.01 |           0.60           3.62           3.62 |           0.11           3.22           3.22 |           0.04           3.24           1.59 |           0.91           4.17           0.91 |           0.13           3.25           3.25 |           0.08           3.19           0.72
Ethylene_oxide       |  10.74 |           0.41           3.20           3.20 |           0.18           2.94           2.94 |           0.36           3.10           1.15 |           1.56           4.28           1.56 |           0.27           3.02           3.02 |           0.13           2.88           0.71
OCHCHO               |  10.61 |           0.75           3.62           3.62 |           0.21           3.07           3.07 |          -0.16           2.70           1.20 |           0.00           2.85           0.00 |           0.25           3.11           3.11 |           0.13           2.99           0.73
HCCF                 |  11.41 |           0.39           3.39           3.39 |           0.17           3.18           3.18 |           0.32           3.34           1.89 |           1.37           4.40           1.37 |           0.24           3.24           3.24 |           0.16           3.16           0.80
Cl2                  |  11.53 |           0.43           3.45           3.45 |           0.03           3.04           3.04 |          -0.13           2.87           1.49 |           0.29           3.29           0.29 |           0.01           3.00           3.00 |          -0.11           2.89           0.55
CF3CN                |  14.24 |           0.87           3.73           3.73 |           0.34           3.31           3.31 |          -0.14           2.81           1.93 |           1.24           4.26           1.24 |           0.38           3.37           3.37 |          -1.39           2.79           0.87
SF6                  |  15.76 |           2.13           4.84           4.84 |           0.96           3.66           3.66 |          -0.29           2.42           1.13 |          -1.21           1.52          -1.21 |           0.87           3.56           3.56 |           0.84           3.65           1.59
SO2                  |  12.40 |           0.53           3.71           3.71 |           0.11           3.29           3.29 |          -0.06           3.13           1.48 |           0.48           3.67           0.48 |           0.15           3.33           3.33 |           0.08           3.26           0.86
ClF3                 |  12.86 |           0.94           4.01           4.01 |           0.19           3.28           3.28 |          -0.43           2.69           1.24 |          -0.51           2.74          -0.51 |           0.18           3.25           3.25 |           0.22           3.30           1.01
CH3                  |   9.74 |          -0.03           3.36           3.36 |          -0.14           3.25           3.25 |           0.08           3.47           1.74 |           0.81           4.19           0.81 |          -0.17           3.21           3.21 |          -0.32           3.06           0.56
HCOOH                |  11.55 |           0.34           3.31           3.31 |           0.11           3.08           3.08 |           0.30           3.26           1.31 |           1.53           4.49           1.53 |           0.22           3.18           3.18 |           0.08           3.04           0.85
CO                   |  13.95 |           0.08           3.52           3.52 |          -0.22           3.24           3.24 |          -0.23           3.26           1.57 |           0.90           4.38           0.90 |          -0.02           3.44           3.44 |          -0.11           3.35           0.79
CH4                  |  14.39 |           0.53           3.85           3.85 |           0.17           3.58           3.58 |           0.26           3.61           1.99 |           1.10           4.51           0.94 |           0.26           3.65           3.65 |           0.17           3.60           1.16
NH3                  |  10.96 |           0.01           3.37           3.37 |          -0.06           3.28           3.25 |           0.25           3.58           1.69 |           1.52           4.84           1.52 |           0.11           3.45           3.36 |          -0.05           3.29           0.83
CH3NO2               |  11.51 |           0.59           3.26           3.26 |           0.06           2.70           2.70 |          -0.22           2.40           0.86 |           1.54           4.16           1.54 |           0.08           2.72           2.72 |          -0.01           2.62           0.70
HOCl                 |  11.22 |           0.42           3.52           3.52 |           0.02           3.12           3.12 |          -0.12           2.96           1.46 |           0.34           3.43           0.34 |           0.05           3.13           3.13 |           0.00           3.09           0.84
CH3OH                |  11.11 |           0.49           3.50           3.50 |           0.22           3.21           3.21 |           0.32           3.30           1.49 |           1.41           4.41           1.41 |           0.31           3.30           3.30 |           0.20           3.18           1.02
SiF4                 |  16.58 |           2.24           5.18           5.18 |           1.24           4.18           4.18 |           0.24           3.13           1.72 |           0.98           2.20          -0.74 |           1.16           4.09           4.09 |           1.11           4.04           1.92
CHF3                 |  14.95 |           1.31           4.47           4.47 |           0.60           3.77           3.77 |           0.01           3.20           1.77 |          -0.09           3.17          -0.09 |           0.62           3.78           3.78 |           0.71           3.87           1.62
HCl                  |  12.68 |           0.06           3.50           3.50 |          -0.11           3.32           3.32 |           0.07           3.51           1.89 |           1.10           4.52           1.10 |          -0.04           3.39           3.39 |          -0.12           3.32           0.88
HCN                  |  13.77 |           0.14           3.37           3.37 |          -0.31           3.30           3.30 |          -0.11           2.89           1.53 |           1.37           4.32           1.37 |           0.20           3.41           3.41 |          -0.25           2.76           0.65
CH2F2                |  13.45 |           1.12           4.29           4.29 |           0.50           3.68           3.68 |           0.02           3.22           1.80 |          -0.04           3.23          -0.04 |           0.53           3.71           3.71 |           0.61           3.78           1.54
CH2O                 |  10.93 |           0.29           3.47           3.47 |           0.08           3.24           3.24 |           0.28           3.41           1.50 |           1.50           4.59           1.50 |           0.20           3.35           3.35 |           0.10           3.25           1.03
FCN                  |  13.61 |           0.38           3.57           3.57 |           0.15           3.34           3.34 |           0.30           3.50           2.04 |           1.42           4.63           1.42 |           0.23           3.41           3.41 |           0.14           3.32           1.12
CF4                  |  16.45 |           2.01           5.03           5.03 |           1.01           4.03           4.03 |           0.07           3.18           1.59 |          -3.39           4.14          -3.39 |           0.95           3.96           3.96 |           1.09           4.10           2.03
ClF                  |  12.72 |           0.38           3.74           3.74 |          -0.02           3.34           3.34 |          -0.13           3.27           1.75 |           0.59           4.04           0.59 |           0.01           3.38           3.38 |           0.01           3.37           1.07
NF3                  |  13.60 |           0.72           3.85           3.85 |           0.17           3.30           3.30 |          -0.11           3.04           1.44 |           0.49           3.67           0.49 |           0.24           3.37           3.37 |           0.31           3.43           1.30
HCO                  |   9.18 |          -0.16           3.17           3.17 |          -0.49           2.85           2.85 |          -0.60           2.74           1.27 |          -0.31           3.04          -0.31 |          -0.45           2.89           2.89 |          -0.41           2.92           0.67
NNO                  |  12.92 |           0.14           3.41           3.41 |          -0.00           3.26           3.26 |           0.31           3.56           1.77 |           1.81           5.05           1.81 |           0.09           3.35           3.35 |          -0.01           3.24           1.04
CF2O                 |  13.58 |           0.54           3.64           3.64 |           0.14           3.26           3.26 |           0.23           3.38           1.42 |           1.44           4.62           1.44 |           0.24           3.36           3.36 |           0.12           3.24           1.15
CH3F                 |  13.44 |           0.85           4.02           4.02 |           0.43           3.58           3.58 |           0.26           3.39           1.80 |           1.04           4.10           1.04 |           0.49           3.63           3.63 |           0.48           3.63           1.53
CO2                  |  13.81 |           0.28           3.53           3.53 |           0.02           3.26           3.26 |           0.16           3.40           1.60 |           1.40           4.63           1.40 |           0.09           3.33           3.33 |          -0.05           3.19           1.08
O3                   |  12.80 |           0.32           3.58           3.58 |          -0.26           3.00           3.00 |          -0.66           2.58           1.13 |          -0.52           2.72          -0.52 |          -0.21           3.04           3.04 |          -0.16           3.09           1.00
H2O2                 |  11.62 |           0.43           3.61           3.61 |           0.02           3.19           3.19 |          -0.15           3.01           1.41 |           0.33           3.47           0.33 |           0.09           3.25           3.25 |           0.09           3.25           1.23
BF3                  |  16.04 |           1.66           4.71           4.71 |           0.81           3.86           3.86 |           0.01           3.05           1.63 |          -0.47           2.57          -0.47 |           0.76           3.81           3.81 |           0.78           3.83           1.95
NH                   |  13.44 |          -0.11           3.63           3.63 |          -0.25           3.49           3.49 |          -0.04           3.70           1.72 |           0.61           4.34           0.61 |          -0.27           3.45           3.45 |          -0.42           3.31           1.14
F2O                  |  13.24 |           0.65           3.93           3.93 |          -0.02           3.26           3.26 |          -0.40           2.90           1.07 |           0.69           4.01           0.69 |           0.04           3.32           3.32 |           0.19           3.47           1.56
H2O                  |  12.69 |          -0.05           3.56           3.56 |          -0.09           3.51           3.51 |           0.29           3.89           1.85 |           1.69           5.27           1.69 |           0.10           3.70           3.70 |          -0.13           3.47           1.40
N2                   |  15.55 |           0.22           3.64           3.64 |          -0.25           3.16           3.16 |          -0.50           2.91           1.48 |          -0.11           3.29          -0.11 |          -0.16           3.25           3.25 |          -0.23           3.18           1.27
NH2                  |  12.03 |          -0.66           2.95           2.95 |          -0.76           2.84           2.84 |          -0.53           3.06           1.45 |           0.26           3.86           0.26 |          -0.78           2.81           2.81 |          -0.93           2.67           0.74
NO                   |   9.54 |          -0.26           3.25           3.25 |          -0.65           2.86           2.86 |          -0.84           2.66           1.29 |          -0.57           2.94          -0.57 |          -0.57           2.93           2.93 |          -0.49           3.01           1.23
O2                   |  12.27 |          -0.16           3.41           3.41 |          -0.68           2.89           2.89 |          -1.04           2.52           0.87 |          -1.06           2.50          -1.06 |          -0.64           2.92           2.92 |          -0.48           3.09           1.28
ClO                  |  10.95 |          -0.09           3.16           3.16 |          -1.70           1.62           1.62 |          -2.08           1.24           0.44 |          -2.25           1.05          -2.25 |          -1.76           1.55           1.55 |          -1.70           1.61           0.13
C2H4                 |  10.69 |           0.20           3.17           3.17 |           0.15           3.11           3.02 |           0.51           3.45           1.88 |          -2.18           0.78          -1.31 |           0.25           3.20           3.14 |          -2.14           0.82          -0.50
C2N2                 |  13.58 |           0.67           3.65           3.65 |           0.39           3.36           3.36 |           0.47           3.44           1.92 |          -1.74           1.01          -1.67 |           0.41           3.38           3.38 |          -1.32           3.15           0.20
HF                   |  16.17 |          -0.14           3.74           3.74 |          -0.17           3.71           3.71 |           0.26           4.13           2.17 |           1.77           5.63           1.77 |           0.05           3.92           3.92 |          -0.22           3.66           2.30
F2                   |  15.76 |           0.47           3.75           3.75 |          -0.13           3.15           3.15 |          -0.54           2.84           1.44 |          -0.38           4.02          -0.38 |          -0.07           3.21           3.21 |           0.09           3.36           2.24
OH                   |  12.98 |          -1.04           2.75           2.75 |          -3.33           0.50           0.50 |          -3.07           0.76           0.42 |          -2.14           1.68          -2.14 |          -3.33           0.50           0.50 |          -3.50           0.33           0.21
NO2                  |  11.00 |          -0.00           1.30           1.30 |          -0.58           0.72           0.72 |          -1.05           0.25           0.25 |          -1.16           0.14          -1.16 |          -0.56           0.73           0.73 |          -0.46           0.83           0.83
------------------------------------------------------------------------------------------------------------------------------------------------------------------------------------------------------------------------------------------------------------------------------------------------------------
