The deviation from linearity measured by Equation 3 for each molecule in the McKenchie test set of 147 small molecules, ordered first by the magnitude of the dielecitric constant returned when using lc-wpbe, then alphabetically.
------------------------------------------------------------------------------------------------------------------------------------------------------------------------------------------------------------------------------------------------------------------------------------------------------------
                       |                blyp                          |                b3lyp                         |                bhhlyp                        |                hf                            |                hse06                         |                lc-wpbe                      
Molecule               | KS             KS+PCM(water)  KS+PCM(opt)    | KS             KS+PCM(water)  KS+PCM(opt)    | KS             KS+PCM(water)  KS+PCM(opt)    | KS             KS+PCM(water)  KS+PCM(opt)    | KS             KS+PCM(water)  KS+PCM(opt)    | KS             KS+PCM(water)  KS+PCM(opt)   
------------------------------------------------------------------------------------------------------------------------------------------------------------------------------------------------------------------------------------------------------------------------------------------------------------
MD                     |          -0.64          -0.18          -0.18 |          -0.48          -0.01          -0.02 |          -0.22           0.25          -0.00 |           0.26           0.73           0.25 |          -0.49          -0.02          -0.03 |          -0.09           0.38           0.01
MAD                    |           0.64           0.18           0.18 |           0.48           0.03           0.02 |           0.22           0.25           0.00 |           0.26           0.73           0.26 |           0.50           0.04           0.04 |           0.10           0.38           0.01
------------------------------------------------------------------------------------------------------------------------------------------------------------------------------------------------------------------------------------------------------------------------------------------------------------
2-Methylpropene        |          -0.54          -0.13          -0.13 |          -0.40           0.01           0.00 |          -0.17           0.25          -0.00 |           0.24           0.67           0.24 |          -0.42          -0.00          -0.00 |           0.00           0.42           0.00
2-Vinylpyridine        |          -0.43          -0.08          -0.08 |          -0.32           0.03          -0.00 |          -0.14           0.21          -0.00 |           0.25           0.55           0.25 |          -0.35           0.01           0.00 |           0.03           0.38           0.03
Fulvene                |          -0.49          -0.10          -0.10 |          -0.36           0.04           0.00 |          -0.15           0.25           0.00 |           0.22           0.61           0.22 |          -0.38           0.02           0.00 |           0.03           0.43           0.03
H2                     |          -0.57           0.16           0.00 |          -0.48           0.25           0.00 |          -0.29           0.43           0.00 |           0.12           0.84           0.12 |           0.67           1.08           0.67 |           0.90           1.31           0.90
Isoprene               |          -0.49          -0.09          -0.09 |          -0.36           0.04           0.00 |          -0.16           0.24          -0.00 |           0.21           0.61           0.21 |          -0.38           0.01           0.00 |           0.01           0.41           0.01
Pyridine               |          -0.55          -0.10          -0.10 |          -0.39           0.02           0.00 |          -0.14           0.26           0.00 |           0.30           0.71           0.30 |          -0.40           0.01           0.00 |           0.00           0.42           0.00
Pyrrole                |          -0.53          -0.11          -0.11 |          -0.39           0.03          -0.00 |          -0.18           0.24           0.00 |           0.19           0.61           0.19 |          -0.41           0.01           0.00 |           0.00           0.42           0.00
Styrene                |          -0.43          -0.08          -0.08 |          -0.32           0.04          -0.00 |          -0.14           0.21          -0.00 |           0.20           0.55           0.20 |          -0.34           0.01           0.00 |           0.03           0.38           0.03
Si2H6                  |          -0.51          -0.11          -0.11 |          -0.39           0.02           0.00 |          -0.19           0.21          -0.00 |           0.19           0.60           0.19 |          -0.41          -0.00          -0.00 |          -0.00           0.40           0.00
1_3-Butadiene          |          -0.51          -0.10          -0.10 |          -0.38           0.03          -0.00 |          -0.17           0.24          -0.00 |           0.20           0.61           0.20 |          -0.40           0.01           0.00 |          -0.00           0.41           0.00
Vinyl_acetate          |          -0.49          -0.13          -0.13 |          -0.40           0.02          -0.00 |          -0.18           0.25          -0.00 |           0.23           0.68           0.23 |          -0.42           0.00           0.00 |          -0.01           0.42           0.00
Furan                  |          -0.54          -0.12          -0.12 |          -0.40           0.02          -0.00 |          -0.19           0.24          -0.00 |           0.19           0.62           0.19 |          -0.42           0.00           0.00 |          -0.01           0.42           0.00
Methylacrylonitrile    |          -0.52          -0.12          -0.12 |          -0.39           0.02           0.00 |          -0.17           0.24          -0.00 |           0.23           0.66           0.23 |          -0.41           0.00           0.00 |          -0.01           0.40          -0.00
Cyclobutene            |          -0.56          -0.16          -0.16 |          -0.42          -0.01          -0.01 |          -0.19           0.23          -0.00 |           0.23           0.65           0.23 |          -0.43          -0.02          -0.02 |          -0.01           0.40           0.00
NC3H9                  |          -0.56          -0.16          -0.16 |          -0.40           0.01           0.00 |          -0.12           0.29          -0.00 |           0.38           0.79           0.38 |          -0.41           0.00           0.00 |          -0.01           0.40           0.00
H2CCCl2                |          -0.52          -0.14          -0.14 |          -0.39          -0.00          -0.00 |          -0.19           0.21          -0.00 |           0.21           0.61           0.21 |          -0.42          -0.03          -0.03 |          -0.01           0.23           0.00
HCCCCCN                |          -0.48          -0.11          -0.11 |          -0.37           0.01          -0.00 |          -0.17           0.22          -0.00 |           0.22           0.63           0.22 |          -0.39          -0.01          -0.01 |          -0.02           0.37           0.00
CS                     |          -0.64          -0.14          -0.14 |          -0.46           0.04           0.00 |          -0.17           0.33          -0.00 |           0.43           0.91           0.43 |          -0.45           0.05           0.00 |          -0.02           0.48          -0.00
1_1-Dicyanoethylene    |          -0.50          -0.11          -0.11 |          -0.38           0.02          -0.00 |          -0.18           0.22          -0.00 |           0.22           0.64           0.22 |          -0.40          -0.01          -0.01 |          -0.02           0.38          -0.00
CH2CCH2                |          -0.58          -0.13          -0.13 |          -0.43           0.02           0.00 |          -0.19           0.27          -0.00 |           0.26           0.72           0.26 |          -0.45           0.01           0.00 |          -0.02           0.44           0.00
CH3NC                  |          -0.66          -0.15          -0.15 |          -0.46           0.04           0.00 |          -0.17           0.34          -0.00 |           0.45           0.92           0.45 |          -0.46           0.05           0.00 |          -0.03           0.48          -0.00
Cl2CCF2                |          -0.52          -0.14          -0.14 |          -0.39          -0.01          -0.01 |          -0.19           0.20           0.00 |           0.20           0.60           0.20 |          -0.42          -0.04          -0.04 |          -0.02           0.36           0.00
Methoxyethene          |          -0.57          -0.13          -0.13 |          -0.42           0.02          -0.00 |          -0.18           0.26          -0.00 |           0.23           0.68           0.23 |          -0.44           0.00           0.00 |          -0.02           0.42           0.00
Propene                |          -0.58          -0.13          -0.13 |          -0.43           0.02          -0.00 |          -0.20           0.26           0.00 |           0.23           0.69           0.23 |          -0.45           0.01           0.00 |          -0.02           0.43          -0.00
Thiophene              |          -0.51          -0.10          -0.10 |          -0.37           0.04          -0.00 |          -0.20           0.21           0.00 |           0.18           0.60           0.18 |          -0.39           0.02           0.00 |          -0.02           0.39           0.00
CH3CCCH3               |          -0.57          -0.14          -0.14 |          -0.42           0.01          -0.00 |          -0.19           0.25           0.00 |           0.25           0.70           0.25 |          -0.44          -0.01          -0.01 |          -0.03           0.41           0.00
Isobutane              |          -0.51          -0.13          -0.13 |          -0.39          -0.00          -0.00 |          -0.18           0.21          -0.00 |           0.23           0.64           0.23 |          -0.43          -0.03          -0.03 |          -0.02           0.37           0.00
Thiirane               |          -0.60          -0.13          -0.13 |          -0.44           0.03           0.00 |          -0.20           0.28          -0.00 |           0.25           0.72           0.25 |          -0.46           0.02           0.00 |          -0.03           0.44          -0.00
2-Propen-1-ol          |          -0.54          -0.12          -0.12 |          -0.40           0.02          -0.00 |          -0.19           0.26          -0.00 |           0.23           0.70           0.23 |          -0.43           0.00           0.00 |          -0.03           0.42           0.00
Butenone               |          -0.59          -0.18          -0.18 |          -0.40           0.01           0.00 |          -0.08           0.33          -0.00 |           0.44           0.84           0.44 |          -0.41           0.00           0.00 |          -0.03           0.39           0.00
CH3SOCH3               |          -0.57          -0.14          -0.14 |          -0.41           0.02          -0.00 |          -0.13           0.30          -0.00 |           0.38           0.81           0.38 |          -0.42           0.00           0.00 |          -0.03           0.40          -0.00
CH3CCCN                |          -0.53          -0.13          -0.13 |          -0.40           0.01           0.00 |          -0.18           0.23          -0.00 |           0.24           0.67           0.24 |          -0.42          -0.01          -0.01 |          -0.03           0.38           0.00
CS2                    |          -0.54          -0.10          -0.10 |          -0.41           0.03           0.00 |          -0.19           0.24          -0.00 |           0.21           0.65           0.21 |          -0.43           0.01           0.00 |          -0.04           0.40           0.00
SiH3                   |          -0.59          -0.08          -0.08 |          -0.45           0.06           0.00 |          -0.25           0.26           0.00 |           0.12           0.63           0.12 |          -0.47           0.04           0.00 |          -0.04           0.47           0.00
Acrylonitrile          |          -0.56          -0.13          -0.13 |          -0.42           0.02          -0.00 |          -0.20           0.24          -0.00 |           0.22           0.67           0.22 |          -0.44          -0.00          -0.00 |          -0.04           0.40           0.00
CCl4                   |          -0.43          -0.08          -0.09 |          -0.37           0.02          -0.00 |          -0.19           0.21          -0.00 |           0.26           0.71           0.11 |          -0.40          -0.02          -0.02 |          -0.03           0.36          -0.00
NCCCCN                 |          -0.51          -0.12          -0.12 |          -0.38           0.01          -0.00 |          -0.18           0.22          -0.00 |           0.23           0.64           0.23 |          -0.41          -0.02          -0.02 |          -0.03           0.36          -0.00
Pyrimidine             |          -0.54          -0.13          -0.13 |          -0.39           0.02          -0.00 |          -0.15           0.25          -0.00 |           0.22           0.60           0.22 |          -0.42          -0.01          -0.01 |          -0.03           0.37           0.00
Cyclopropane           |          -0.61          -0.16          -0.16 |          -0.44           0.00           0.00 |          -0.19           0.26          -0.00 |           0.27           0.72           0.27 |          -0.46          -0.01          -0.01 |          -0.04           0.41          -0.00
HCCCCH                 |          -0.55          -0.13          -0.13 |          -0.41           0.01          -0.00 |          -0.20           0.23          -0.00 |           0.20           0.63           0.20 |          -0.44          -0.01          -0.01 |          -0.04           0.39           0.00
Methyl_prop-2-enoate   |          -0.55          -0.14          -0.09 |          -0.39          -0.05           0.00 |          -0.18           0.25          -0.00 |           0.28           0.70           0.25 |          -0.42           0.00           0.00 |          -0.04           0.42          -0.00
Chloroethene           |          -0.57          -0.13          -0.13 |          -0.43           0.02          -0.00 |          -0.21           0.24          -0.00 |           0.20           0.66           0.20 |          -0.45          -0.00          -0.00 |          -0.04           0.41           0.00
2-Propenamide          |          -0.51          -0.15          -0.15 |          -0.42           0.01          -0.00 |          -0.09           0.32          -0.00 |           0.43           0.84           0.43 |          -0.43           0.01           0.00 |          -0.04           0.39          -0.00
Pyrazine               |          -0.53          -0.13          -0.13 |          -0.39           0.01          -0.00 |          -0.18           0.20           0.00 |           0.09           0.47           0.09 |          -0.42          -0.02          -0.02 |          -0.04           0.36          -0.00
Cyclopropene           |          -0.60          -0.14          -0.14 |          -0.45           0.01          -0.00 |          -0.22           0.24          -0.00 |           0.20           0.67           0.20 |          -0.47          -0.01          -0.01 |          -0.05           0.41          -0.00
CH3NHCH3               |          -0.61          -0.17          -0.17 |          -0.44           0.01           0.00 |          -0.16           0.29          -0.00 |           0.37           0.82           0.37 |          -0.45          -0.00          -0.00 |          -0.05           0.40          -0.00
CH3SH                  |          -0.62          -0.13          -0.13 |          -0.47           0.03           0.00 |          -0.22           0.27          -0.00 |           0.22           0.72           0.22 |          -0.48           0.01           0.00 |          -0.05           0.44           0.00
PH3                    |          -0.64          -0.12          -0.12 |          -0.48           0.04           0.00 |          -0.25           0.26          -0.00 |           0.18           0.69           0.18 |          -0.49           0.03           0.00 |          -0.06           0.46          -0.00
H2CS                   |          -0.63          -0.13          -0.13 |          -0.47           0.03           0.00 |          -0.22           0.28          -0.00 |           0.22           0.72           0.22 |          -0.48           0.02           0.00 |          -0.06           0.44          -0.00
2-Propenoic_acid       |          -0.56          -0.12          -0.12 |          -0.41          -0.00          -0.00 |          -0.15           0.28          -0.00 |           0.36           0.79           0.24 |          -0.43          -0.01          -0.01 |          -0.06           0.38           0.00
Acrolein               |          -0.63          -0.18          -0.18 |          -0.43           0.02           0.00 |          -0.10           0.34          -0.00 |           0.43           0.85           0.43 |          -0.44           0.01           0.00 |          -0.05           0.40          -0.00
CH3CH2CH3              |          -0.55          -0.13          -0.13 |          -0.42           0.00          -0.00 |          -0.21           0.22           0.00 |           0.19           0.65           0.19 |          -0.45          -0.03          -0.03 |          -0.05           0.38          -0.00
CH3CCH                 |          -0.62          -0.16          -0.16 |          -0.47           0.00          -0.00 |          -0.22           0.26          -0.00 |           0.23           0.71           0.23 |          -0.48          -0.01          -0.01 |          -0.06           0.41           0.00
C3O2                   |          -0.58          -0.15          -0.15 |          -0.43           0.00           0.00 |          -0.19           0.24          -0.00 |           0.27           0.69           0.27 |          -0.45          -0.01          -0.01 |          -0.05           0.39           0.00
CFCl3                  |          -0.52          -0.11          -0.11 |          -0.40           0.01          -0.00 |          -0.21           0.20          -0.00 |           0.13           0.54           0.13 |          -0.43          -0.02          -0.02 |          -0.05           0.35          -0.00
S2                     |          -0.59          -0.12          -0.12 |          -0.45           0.03           0.00 |          -0.23           0.25           0.00 |           0.16           0.64           0.16 |          -0.48           0.00           0.00 |          -0.06           0.42          -0.00
AlCl3                  |          -0.48          -0.09          -0.09 |          -0.37           0.02          -0.00 |          -0.19           0.19          -0.00 |           0.12           0.50           0.12 |          -0.40          -0.01          -0.01 |          -0.05           0.33           0.00
HCCCHO                 |          -0.63          -0.19          -0.19 |          -0.44           0.01           0.00 |          -0.09           0.35          -0.00 |           0.44           0.88           0.44 |          -0.45           0.01           0.00 |          -0.06           0.40          -0.00
Ethylenimine           |          -0.64          -0.18          -0.18 |          -0.46          -0.00          -0.00 |          -0.18           0.29           0.00 |           0.34           0.81           0.34 |          -0.47          -0.01          -0.01 |          -0.06           0.40           0.00
CH2CF2                 |          -0.64          -0.17          -0.17 |          -0.48          -0.01          -0.01 |          -0.24           0.24          -0.00 |           0.21           0.70           0.21 |          -0.50          -0.02          -0.02 |          -0.06           0.41          -0.00
SiF2                   |          -0.62          -0.13          -0.13 |          -0.48           0.01           0.00 |          -0.27           0.23          -0.00 |           0.14           0.65           0.14 |          -0.50           0.00           0.00 |          -0.07           0.43           0.00
CH3COCH3               |          -0.63          -0.19          -0.19 |          -0.44           0.00          -0.00 |          -0.12           0.32          -0.00 |           0.47           0.91           0.47 |          -0.45          -0.01          -0.01 |          -0.06           0.38           0.00
1-Chloropropane        |          -0.56          -0.14          -0.14 |          -0.44          -0.00          -0.00 |          -0.21           0.26          -0.00 |           0.27           0.75           0.27 |          -0.47          -0.02          -0.02 |          -0.06           0.40           0.00
CCl3H                  |          -0.52          -0.13          -0.13 |          -0.40          -0.01          -0.01 |          -0.21           0.20           0.00 |           0.09           0.49           0.09 |          -0.43          -0.04          -0.04 |          -0.05           0.34          -0.00
Fluoroethene           |          -0.65          -0.16          -0.16 |          -0.48           0.00          -0.00 |          -0.24           0.25          -0.00 |           0.21           0.70           0.21 |          -0.50          -0.01          -0.01 |          -0.07           0.42           0.00
HCCCN                  |          -0.59          -0.15          -0.15 |          -0.44          -0.00          -0.00 |          -0.21           0.24          -0.00 |           0.22           0.69           0.22 |          -0.46          -0.02          -0.02 |          -0.06           0.38           0.00
SiH4                   |          -0.60          -0.12          -0.12 |          -0.47           0.02          -0.00 |          -0.25           0.23          -0.00 |           0.14           0.62           0.14 |          -0.49          -0.01          -0.01 |          -0.07           0.41           0.00
BCl3                   |          -0.52          -0.11          -0.11 |          -0.40           0.01          -0.00 |          -0.21           0.20           0.00 |           0.12           0.53           0.12 |          -0.43          -0.02          -0.02 |          -0.06           0.35           0.00
CH3CONH2               |          -0.65          -0.19          -0.19 |          -0.45           0.01          -0.00 |          -0.11           0.30          -0.00 |           0.47           0.91           0.47 |          -0.45           0.01           0.00 |          -0.07           0.39           0.00
CH3CClO                |          -0.60          -0.16          -0.16 |          -0.43           0.01          -0.00 |          -0.13           0.31           0.00 |           0.26           0.75           0.26 |          -0.45          -0.01          -0.01 |          -0.06           0.37          -0.00
s-Tetrazine            |          -0.56          -0.14          -0.14 |          -0.42          -0.00          -0.00 |          -0.20           0.22          -0.00 |           0.19           0.61           0.19 |          -0.45          -0.03          -0.03 |          -0.06           0.36          -0.00
CBrF3                  |          -0.64          -0.18          -0.18 |          -0.49          -0.02          -0.02 |          -0.24           0.24          -0.00 |           0.22           0.71           0.22 |          -0.51          -0.03          -0.03 |          -0.07           0.41           0.00
CH2CO                  |          -0.64          -0.16          -0.16 |          -0.48           0.01          -0.00 |          -0.23           0.26          -0.00 |           0.23           0.70           0.23 |          -0.49          -0.01          -0.01 |          -0.07           0.41           0.00
NSF3                   |          -0.65          -0.18          -0.18 |          -0.48          -0.00          -0.00 |          -0.20           0.28          -0.00 |           0.30           0.78           0.30 |          -0.49          -0.01          -0.01 |          -0.07           0.40           0.00
CH2Cl2                 |          -0.55          -0.14          -0.14 |          -0.45          -0.01          -0.01 |          -0.23           0.23           0.00 |           0.12           0.30           0.12 |          -0.48          -0.04          -0.04 |          -0.06           0.36          -0.00
CH3SiH3                |          -0.52          -0.12          -0.12 |          -0.43           0.00           0.00 |          -0.24           0.25          -0.00 |           0.17           0.66           0.17 |          -0.44          -0.01          -0.01 |          -0.07           0.40          -0.00
CH4N2O                 |          -0.54          -0.14          -0.14 |          -0.45           0.01          -0.00 |          -0.21           0.28          -0.00 |           0.28           0.78           0.28 |          -0.46          -0.00          -0.00 |          -0.07           0.38           0.00
OCS                    |          -0.63          -0.15          -0.15 |          -0.48           0.01          -0.00 |          -0.24           0.25          -0.00 |           0.21           0.69           0.21 |          -0.49          -0.01          -0.01 |          -0.08           0.41           0.00
CHFCF2                 |          -0.64          -0.18          -0.18 |          -0.48          -0.02          -0.02 |          -0.24           0.23           0.00 |           0.20           0.68           0.20 |          -0.50          -0.04          -0.04 |          -0.08           0.39           0.00
P2                     |          -0.57          -0.10          -0.10 |          -0.46          -0.01          -0.01 |          -0.27           0.19           0.00 |           0.07           0.53           0.07 |          -0.48          -0.02          -0.02 |          -0.08           0.38          -0.00
Z-CHF-CHF              |          -0.64          -0.19          -0.19 |          -0.48          -0.03          -0.03 |          -0.24           0.22          -0.00 |           0.20           0.67           0.20 |          -0.50          -0.05          -0.05 |          -0.07           0.38           0.00
CH3OCH3                |          -0.64          -0.19          -0.19 |          -0.46           0.00          -0.00 |          -0.15           0.31          -0.00 |           0.44           0.90           0.44 |          -0.47          -0.01          -0.01 |          -0.08           0.38          -0.00
H2S                    |          -0.69          -0.15          -0.15 |          -0.52           0.02           0.00 |          -0.27           0.28           0.00 |           0.19           0.73           0.19 |          -0.53           0.02           0.00 |          -0.09           0.46          -0.00
CH3CH2Cl               |          -0.61          -0.20          -0.20 |          -0.47          -0.05          -0.05 |          -0.22           0.21          -0.00 |           0.27           0.70           0.27 |          -0.49          -0.07          -0.07 |          -0.07           0.35           0.00
SiO                    |          -0.64          -0.15          -0.15 |          -0.48           0.01          -0.00 |          -0.22           0.24           0.00 |           0.28           0.67           0.28 |          -0.50          -0.00          -0.00 |          -0.09           0.41          -0.00
CCl2F2                 |          -0.57          -0.17          -0.17 |          -0.44          -0.03          -0.03 |          -0.22           0.21           0.00 |           0.19           0.60           0.19 |          -0.46          -0.05          -0.05 |          -0.07           0.35          -0.00
C2F4                   |          -0.63          -0.21          -0.21 |          -0.48          -0.05          -0.05 |          -0.24           0.20          -0.00 |           0.20           0.65           0.20 |          -0.50          -0.07          -0.07 |          -0.08           0.36          -0.00
NSF                    |          -0.66          -0.17          -0.17 |          -0.48           0.01          -0.00 |          -0.20           0.29          -0.00 |           0.33           0.81           0.33 |          -0.50          -0.01          -0.01 |          -0.09           0.40          -0.00
PF3                    |          -0.65          -0.17          -0.17 |          -0.50          -0.02          -0.02 |          -0.27           0.23          -0.00 |           0.19           0.70           0.19 |          -0.52          -0.03          -0.03 |          -0.09           0.40           0.00
NaCl                   |          -0.70          -0.16          -0.16 |          -0.52           0.02          -0.00 |          -0.25           0.30          -0.00 |           0.23           0.79           0.23 |          -0.53           0.02           0.00 |          -0.10           0.45           0.00
N2H4                   |          -0.68          -0.18          -0.18 |          -0.50           0.00          -0.00 |          -0.22           0.28          -0.00 |           0.27           0.77           0.27 |          -0.52          -0.01          -0.01 |          -0.10           0.41           0.00
C2H2                   |          -0.71          -0.19          -0.19 |          -0.53          -0.01          -0.01 |          -0.26           0.26          -0.00 |           0.21           0.74           0.21 |          -0.54          -0.02          -0.02 |          -0.10           0.42           0.00
CH3CH3                 |          -0.62          -0.19          -0.19 |          -0.47          -0.04          -0.04 |          -0.24           0.19           0.00 |           0.26           0.34           0.26 |          -0.50          -0.07          -0.07 |          -0.08           0.35           0.00
CH3CN                  |          -0.66          -0.18          -0.18 |          -0.50          -0.02          -0.02 |          -0.23           0.26          -0.00 |           0.26           0.76           0.26 |          -0.51          -0.03          -0.03 |          -0.10           0.38           0.00
HCONH2                 |          -0.70          -0.21          -0.21 |          -0.48           0.01          -0.00 |          -0.14           0.34          -0.00 |           0.43           0.90           0.43 |          -0.49           0.00           0.00 |          -0.10           0.40          -0.00
CH3Cl                  |          -0.67          -0.18          -0.18 |          -0.51          -0.01          -0.01 |          -0.24           0.26          -0.00 |           0.25           0.76           0.25 |          -0.52          -0.02          -0.02 |          -0.10           0.40           0.00
CH3CH2OH               |          -0.65          -0.19          -0.19 |          -0.48          -0.01          -0.01 |          -0.18           0.31          -0.00 |           0.42           0.91           0.42 |          -0.50          -0.02          -0.02 |          -0.10           0.38           0.00
CClF3                  |          -0.66          -0.20          -0.20 |          -0.51          -0.03          -0.03 |          -0.24           0.26          -0.00 |           0.27           0.78           0.27 |          -0.53          -0.04          -0.04 |          -0.10           0.39           0.00
Ethylene_oxide         |          -0.69          -0.21          -0.21 |          -0.48          -0.00          -0.00 |          -0.14           0.35          -0.00 |           0.49           0.96           0.49 |          -0.49          -0.01          -0.01 |          -0.10           0.38          -0.00
OCHCHO                 |          -0.61          -0.16          -0.16 |          -0.46          -0.01          -0.01 |          -0.21           0.23          -0.00 |           0.23           0.67           0.23 |          -0.48          -0.03          -0.03 |          -0.10           0.35          -0.00
HCCF                   |          -0.70          -0.20          -0.20 |          -0.53          -0.02          -0.02 |          -0.26           0.24          -0.00 |           0.21           0.72           0.21 |          -0.54          -0.03          -0.03 |          -0.11           0.40          -0.00
Cl2                    |          -0.65          -0.17          -0.17 |          -0.50          -0.01          -0.01 |          -0.26           0.22          -0.00 |           0.15           0.64           0.15 |          -0.52          -0.04          -0.04 |          -0.11           0.38          -0.00
CF3CN                  |          -0.63          -0.19          -0.19 |          -0.51          -0.04          -0.04 |          -0.24           0.24          -0.00 |           0.36           0.86           0.36 |          -0.52          -0.05          -0.05 |          -0.26           0.37          -0.00
SF6                    |          -0.60          -0.17          -0.17 |          -0.46          -0.03          -0.03 |          -0.23           0.20          -0.00 |           0.24           0.67           0.24 |          -0.49          -0.06          -0.06 |          -0.12           0.33           0.00
SO2                    |          -0.68          -0.18          -0.18 |          -0.51          -0.02          -0.02 |          -0.24           0.25          -0.00 |           0.25           0.73           0.25 |          -0.53          -0.04          -0.04 |          -0.12           0.37          -0.00
ClF3                   |          -0.67          -0.20          -0.20 |          -0.51          -0.04          -0.04 |          -0.25           0.22          -0.00 |           0.22           0.71           0.22 |          -0.53          -0.06          -0.06 |          -0.12           0.35           0.00
CH3                    |          -0.76          -0.20          -0.20 |          -0.57          -0.00          -0.00 |          -0.28           0.29          -0.00 |           0.23           0.79           0.23 |          -0.57          -0.01          -0.01 |          -0.15           0.42           0.00
HCOOH                  |          -0.73          -0.22          -0.22 |          -0.52          -0.01          -0.01 |          -0.17           0.33          -0.00 |           0.44           0.95           0.44 |          -0.52          -0.01          -0.01 |          -0.13           0.38           0.00
CO                     |          -0.80          -0.23          -0.23 |          -0.59          -0.03          -0.03 |          -0.29           0.28          -0.00 |           0.34           0.91           0.34 |          -0.58          -0.02          -0.02 |          -0.15           0.42           0.00
CH4                    |          -0.75          -0.21          -0.21 |          -0.58          -0.02          -0.02 |          -0.28           0.27          -0.00 |           0.24           0.80           0.21 |          -0.59          -0.03          -0.03 |          -0.16           0.40           0.00
NH3                    |          -0.80          -0.21          -0.21 |          -0.58           0.01           0.00 |          -0.25           0.34           0.00 |           0.33           0.91           0.33 |          -0.57           0.02           0.00 |          -0.15           0.43           0.00
CH3NO2                 |          -0.68          -0.21          -0.21 |          -0.50          -0.03          -0.03 |          -0.19           0.28           0.00 |           0.47           0.96           0.47 |          -0.51          -0.04          -0.04 |          -0.13           0.34          -0.00
HOCl                   |          -0.72          -0.20          -0.20 |          -0.54          -0.03          -0.03 |          -0.26           0.25          -0.00 |           0.20           0.72           0.20 |          -0.56          -0.04          -0.04 |          -0.14           0.38          -0.00
CH3OH                  |          -0.73          -0.22          -0.22 |          -0.53          -0.02          -0.02 |          -0.20           0.32          -0.00 |           0.41           0.93           0.41 |          -0.54          -0.03          -0.03 |          -0.14           0.37           0.00
SiF4                   |          -0.63          -0.18          -0.18 |          -0.47          -0.03          -0.03 |          -0.23           0.22          -0.00 |           0.48           0.65           0.20 |          -0.50          -0.05          -0.05 |          -0.12           0.32          -0.00
CHF3                   |          -0.70          -0.21          -0.21 |          -0.53          -0.04          -0.04 |          -0.27           0.22          -0.00 |           0.20           0.70           0.20 |          -0.56          -0.07          -0.07 |          -0.14           0.35           0.00
HCl                    |          -0.79          -0.22          -0.22 |          -0.60          -0.03          -0.03 |          -0.30           0.27          -0.00 |           0.22           0.79           0.22 |          -0.60          -0.03          -0.03 |          -0.17           0.41           0.00
HCN                    |          -0.80          -0.26          -0.26 |          -0.60          -0.05          -0.05 |          -0.29           0.24           0.00 |           0.32           0.85           0.32 |          -0.60          -0.05          -0.05 |          -0.15           0.37           0.00
CH2F2                  |          -0.71          -0.21          -0.21 |          -0.54          -0.04          -0.04 |          -0.28           0.22          -0.00 |           0.18           0.68           0.18 |          -0.57          -0.07          -0.07 |          -0.15           0.35           0.00
CH2O                   |          -0.75          -0.22          -0.22 |          -0.54          -0.02          -0.02 |          -0.20           0.32          -0.00 |           0.41           0.92           0.41 |          -0.55          -0.03          -0.03 |          -0.16           0.37           0.00
FCN                    |          -0.77          -0.25          -0.25 |          -0.58          -0.06          -0.06 |          -0.29           0.24          -0.00 |           0.23           0.77           0.23 |          -0.59          -0.06          -0.06 |          -0.16           0.36          -0.00
CF4                    |          -0.69          -0.21          -0.21 |          -0.52          -0.05          -0.05 |          -0.24           0.26           0.00 |          -0.02           1.05          -0.02 |          -0.55          -0.07          -0.07 |          -0.15           0.33           0.00
ClF                    |          -0.77          -0.23          -0.23 |          -0.59          -0.05          -0.05 |          -0.30           0.24          -0.00 |           0.22           0.77           0.22 |          -0.60          -0.06          -0.06 |          -0.17           0.37           0.00
NF3                    |          -0.75          -0.25          -0.25 |          -0.56          -0.06          -0.06 |          -0.25           0.26           0.00 |           0.35           0.86           0.35 |          -0.58          -0.07          -0.07 |          -0.16           0.34          -0.00
HCO                    |          -0.77          -0.23          -0.23 |          -0.58          -0.05          -0.05 |          -0.30           0.24           0.00 |           0.18           0.73           0.18 |          -0.60          -0.06          -0.06 |          -0.18           0.36           0.00
NNO                    |          -0.75          -0.24          -0.24 |          -0.55          -0.04          -0.04 |          -0.23           0.28          -0.00 |           0.36           0.88           0.36 |          -0.56          -0.05          -0.05 |          -0.17           0.35          -0.00
CF2O                   |          -0.77          -0.26          -0.26 |          -0.56          -0.04          -0.04 |          -0.19           0.33          -0.00 |           0.46           0.99           0.46 |          -0.56          -0.04          -0.04 |          -0.17           0.34           0.00
CH3F                   |          -0.77          -0.24          -0.24 |          -0.57          -0.04          -0.04 |          -0.25           0.26          -0.00 |           0.39           0.91           0.39 |          -0.58          -0.06          -0.06 |          -0.18           0.35           0.00
CO2                    |          -0.76          -0.25          -0.25 |          -0.56          -0.04          -0.04 |          -0.23           0.29          -0.00 |           0.38           0.90           0.38 |          -0.57          -0.05          -0.05 |          -0.18           0.34          -0.00
O3                     |          -0.78          -0.25          -0.25 |          -0.58          -0.06          -0.06 |          -0.29           0.24           0.00 |           0.14           0.67           0.14 |          -0.60          -0.07          -0.07 |          -0.19           0.34          -0.00
H2O2                   |          -0.81          -0.27          -0.27 |          -0.60          -0.05          -0.05 |          -0.27           0.28           0.00 |           0.30           0.84           0.30 |          -0.61          -0.07          -0.07 |          -0.20           0.35          -0.00
BF3                    |          -0.73          -0.25          -0.25 |          -0.55          -0.06          -0.06 |          -0.26           0.23          -0.00 |           0.26           0.74           0.26 |          -0.57          -0.08          -0.08 |          -0.19           0.30           0.00
NH                     |          -0.92          -0.30          -0.30 |          -0.67          -0.05          -0.05 |          -0.29           0.33          -0.00 |           0.38           0.99           0.38 |          -0.66          -0.04          -0.04 |          -0.26           0.36          -0.00
F2O                    |          -0.84          -0.31          -0.31 |          -0.62          -0.09          -0.09 |          -0.24           0.30          -0.00 |           0.54           1.09           0.54 |          -0.63          -0.09          -0.09 |          -0.22           0.31          -0.00
H2O                    |          -0.93          -0.31          -0.31 |          -0.67          -0.05          -0.05 |          -0.27           0.35          -0.00 |           0.42           1.03           0.42 |          -0.65          -0.03          -0.03 |          -0.26           0.36          -0.00
N2                     |          -0.86          -0.30          -0.30 |          -0.65          -0.09          -0.09 |          -0.32           0.23          -0.00 |           0.21           0.77           0.21 |          -0.66          -0.10          -0.10 |          -0.24           0.31           0.00
NH2                    |          -0.91          -0.30          -0.30 |          -0.68          -0.07          -0.07 |          -0.33           0.28           0.00 |           0.22           0.83           0.22 |          -0.69          -0.08          -0.08 |          -0.28           0.33           0.00
NO                     |          -0.91          -0.34          -0.34 |          -0.69          -0.12          -0.12 |          -0.35           0.22          -0.00 |           0.24           0.81           0.24 |          -0.70          -0.13          -0.13 |          -0.28           0.29           0.00
O2                     |          -0.93          -0.35          -0.35 |          -0.69          -0.10          -0.10 |          -0.31           0.27          -0.00 |           0.35           0.93           0.35 |          -0.70          -0.11          -0.11 |          -0.29           0.30           0.00
ClO                    |          -0.78          -0.25          -0.25 |          -0.69          -0.16          -0.16 |          -0.40           0.13           0.00 |           0.08           0.60           0.08 |          -0.71          -0.18          -0.18 |          -0.29           0.24           0.00
C2H4                   |          -0.66          -0.15          -0.15 |          -0.49           0.02          -0.00 |          -0.23           0.27          -0.00 |          -0.14           0.35           0.00 |          -0.49           0.01           0.00 |          -0.27           0.22           0.00
C2N2                   |          -0.62          -0.17          -0.17 |          -0.47          -0.02          -0.02 |          -0.22           0.23          -0.00 |          -0.01           0.42           0.00 |          -0.49          -0.03          -0.03 |          -0.24           0.36           0.00
HF                     |          -1.13          -0.46          -0.46 |          -0.81          -0.15          -0.15 |          -0.33           0.34          -0.00 |           0.49           1.15           0.49 |          -0.78          -0.12          -0.12 |          -0.43           0.23           0.00
F2                     |          -1.00          -0.46          -0.46 |          -0.75          -0.20          -0.20 |          -0.36           0.24           0.00 |           0.31           1.04           0.31 |          -0.75          -0.21          -0.21 |          -0.35           0.19          -0.00
OH                     |          -1.08          -0.43          -0.43 |          -1.00          -0.36          -0.36 |          -0.59           0.06           0.00 |           0.09           0.73           0.09 |          -1.01          -0.36          -0.36 |          -0.62           0.02           0.00
NO2                    |          -0.79          -0.60          -0.60 |          -0.60          -0.41          -0.41 |          -0.30          -0.11          -0.11 |           0.24           0.43           0.24 |          -0.62          -0.43          -0.43 |          -0.20          -0.01          -0.01
------------------------------------------------------------------------------------------------------------------------------------------------------------------------------------------------------------------------------------------------------------------------------------------------------------
